0
557
651
541
832
743
565
611
601
565
701
736
596
606
666
645
557
553
559
587
515
553
573
545
560
592
582
573
619
599
589
577
571
561
537
531
746
806
813
806
791
764
728
743
741
607
736
734
729
504
524
507
508
521
522
505
506
508
515
503
512
524
517
518
514
523
516
518
526
520
514
512
515
526
530
521
536
529
547
517
514
521
521
533
537
521
529
531
531
531
534
535
537
535
536
537
538
532
541
552
546
546
553
550
544
546
555
550
545
553
567
565
547
547
541
541
541
541
541
541
541
540
541
541
541
541
541
541
541
541
536
536
536
536
536
535
535
535
536
536
536
536
536
539
541
541
541
541
541
541
540
541
541
541
541
541
541
541
541
541
541
541
547
547
541
547
547
547
547
547
547
547
547
547
547
544
544
544
544
544
544
544
544
544
544
544
544
544
544
544
544
541
540
540
540
541
541
540
540
540
541
539
540
540
539
539
539
539
543
538
543
542
538
543
538
538
543
538
540
540
538
540
538
538
540
538
540
540
538
540
539
538
539
539
539
539
538
539
538
538
539
539
539
539
542
542
542
542
543
543
541
540
540
537
546
537
537
537
537
537
537
537
537
537
537
537
537
537
537
537
537
542
542
542
542
542
542
542
536
542
542
536
542
542
542
542
542
542
537
542
537
542
542
536
536
536
536
536
536
535
537
