0
647
629
529
652
603
389
385
391
401
525
596
434
422
472
429
359
351
375
405
381
423
403
405
398
456
410
421
413
437
435
417
451
451
423
413
624
716
767
780
769
746
656
717
711
557
708
708
713
354
340
343
346
357
360
357
352
354
357
365
366
356
345
336
334
341
334
340
346
346
342
342
343
350
346
341
318
315
323
339
340
341
337
335
335
335
337
339
339
335
338
339
337
337
336
337
336
332
325
318
320
322
313
308
314
312
305
310
313
307
305
307
313
313
313
313
313
313
313
313
313
316
315
315
315
315
315
315
315
315
312
312
312
312
312
313
313
313
312
312
312
312
314
317
315
315
315
317
317
315
318
315
315
315
315
315
315
315
315
315
315
315
313
313
315
313
313
313
313
313
313
313
313
313
313
316
316
316
316
316
316
316
316
316
316
316
316
316
316
316
316
317
318
318
318
321
317
318
318
318
317
315
318
318
315
315
315
315
317
314
317
318
314
317
314
314
317
314
314
314
314
314
314
314
314
314
314
314
314
314
315
316
315
315
315
315
316
315
316
316
315
315
315
315
320
322
322
316
319
319
317
318
318
315
314
313
313
313
313
313
313
313
313
313
313
313
313
313
313
313
313
312
312
312
312
312
312
312
320
312
312
320
312
312
312
312
312
312
317
312
317
312
312
316
316
316
316
316
316
315
309
